184
53.61711630000000639 9.72026090000000131 15 40.000 82795520 'Katharinenhof' 10.000
53.44233810000000062 10.30042219999999986 15 30.000 287076756 'Borghorst' 10.000
53.48522300000000484 10.02219570000000104 15 40.000 293271846 'Kirchdorf-Süd' 10.000
53.48780650000000492 10.01480070000000033 15 20.000 293271922 'Kirchdorf' 10.000
53.47459830000000380 9.92848649999999999 15 30.000 295146208 'Bostelbek' 10.000
53.48046390000000372 10.02779970000000098 15 20.000 299094130 'Stillhorn' 10.000
53.58244370000000600 10.08607500000000101 15 50.000 299229836 'Hinschenfelde' 10.000
53.53352820000000634 10.12788060000000101 15 40.000 303632044 'Kirchsteinbek' 10.000
53.54413260000000463 10.12923680000000104 15 20.000 303632210 'Öjendorf' 10.000
53.50638490000000047 10.04944350000000064 15 60.000 308117114 'Obergeorgswerder' 10.000
53.51045960000000434 10.02153790000000022 15 60.000 308117312 'Niedergeorgswerder' 10.000
53.40084460000000632 10.22063090000000152 15 30.000 308817774 'West-Krauel' 10.000
53.39861230000000347 10.22686480000000131 15 30.000 308817920 'Ost-Krauel' 10.000
53.40289540000000557 10.20792760000000143 15 40.000 308818272 'Riepenburg' 10.000
53.42684870000000075 10.12312280000000086 15 30.000 308819614 'Warwisch' 10.000
53.42709420000000620 10.13442670000000057 15 20.000 308819617 'Wraust' 10.000
53.44975830000000627 10.09862860000000140 15 30.000 308819911 'Oortkaten' 10.000
53.45994060000000303 10.07889610000000147 15 20.000 308819913 'Gauert' 10.000
53.41125510000000531 10.24205870000000118 15 40.000 308823810 'Achterdeich' 10.000
53.44088680000000124 10.19187740000000097 15 30.000 308824121 'Kälbersteert' 10.000
53.47570090000000675 10.05293379999999992 15 30.000 310142707 'Moorwerder' 10.000
53.51214790000000221 9.99009520000000073 15 50.000 332547238 'Reiherstiegviertel' 10.000
53.43969990000000081 10.03545599999999993 15 30.000 428001855 'Klein Moor' 10.000
53.44618700000000189 10.04472400000000043 15 30.000 428001856 'Groß Moor' 10.000
53.42252130000000676 10.10651160000000104 15 40.000 473896470 'Wuhlenburg' 10.000
53.73940400000000039 10.16435060000000057 15 30.000 513686635 'Pfingsthorst' 10.000
53.41824590000000228 10.13093640000000129 15 60.000 575921538 'Fliegenberger Werder' 10.000
53.43684860000000469 9.84778400000000076 15 40.000 714286856 'Tempelberg' 10.000
53.47690850000000040 10.01016960000000111 15 30.000 833353314 'Finkenriek' 10.000
53.53312080000000606 9.76313660000000105 15 30.000 836431997 'Leeswig' 10.000
53.41131540000000655 9.91320520000000016 15 50.000 1659247511 'Neu Leversen' 10.000
53.60412370000000237 9.73542030000000125 15 30.000 3688220623 'Haidehof' 10.000
53.39360510000000204 10.20913390000000120 15 20.000 3724050216 'Haue' 10.000
53.47926250000000437 10.18886179999999975 15 30.000 284789773 'Nettelnburg' 10.000
53.58691630000000572 9.73725530000000106 13 44.000 325154187 'Birkendreieck' 11.000
53.48092550000000500 9.87877650000000074 13 55.000 1757205202 'Neuwiedenthal' 11.000
53.47554860000000332 9.79390410000000067 13 33.000 2282153025 'Apfelgarten' 11.000
53.47284550000000536 9.82484610000000025 13 66.000 2887058748 'Siedlung Sandbek' 11.000
53.61287000000000091 10.14696620000000138 13 33.000 5546159076 'Oldenfelde' 11.000
53.63204490000000391 10.16649639999999977 13 33.000 5551178487 'Meiendorf' 11.000
53.57075230000000232 10.04407740000000082 13 33.000 5713669468 'Auenviertel' 11.000
53.54058610000000584 10.10975029999999997 12 33.000 303629964 'Schiffbek' 11.000
53.47093870000000493 9.83126920000000126 12 33.000 1757205193 'Fischbek' 11.000
53.58641480000000001 10.02471800000000002 12 22.000 4152200604 'Jarrestadt' 11.000
53.57820900000000108 10.02279389999999992 12 66.000 4186827401 'Komponistenviertel' 11.000
53.55844760000000093 9.97266970000000086 12 44.000 4210636662 'Karolinenviertel' 11.000
53.46374640000000511 9.94531240000000061 11 24.000 14562933 'Heimfeld' 12.000
53.58343380000000167 9.97522030000000015 11 36.000 18177471 'Hoheluft-Ost' 12.000
53.55406240000000651 10.08891790000000022 11 12.000 18898217 'Horn' 12.000
53.63233990000000517 10.02336950000000115 11 36.000 20831041 'Fuhlsbüttel' 12.000
53.63974330000000634 10.03952549999999988 11 48.000 21398464 'Hummelsbüttel' 12.000
53.62154370000000370 10.03776009999999985 11 24.000 21398465 'Ohlsdorf' 12.000
53.61680900000000349 10.07900120000000044 11 24.000 25522917 'Bramfeld' 12.000
53.62841110000000100 9.95570909999999998 11 24.000 26190138 'Niendorf' 12.000
53.69135950000000435 10.16748150000000095 11 36.000 107224858 'Hoisbüttel' 12.000
53.42455990000000554 9.97720330000000111 11 24.000 183482264 'Sinstorf' 12.000
53.58256650000000576 10.06292870000000050 11 36.000 240024236 'Dulsberg' 12.000
53.58075420000000122 9.96833130000000089 11 48.000 240025442 'Hoheluft-West' 12.000
53.68110000000000070 10.08670000000000044 11 72.000 240033116 'Lemsahl-Mellingstedt' 12.000
53.70190000000000197 10.13060000000000116 11 60.000 240035903 'Wohldorf-Ohlstedt' 12.000
53.55393470000000633 9.95943160000000027 11 24.000 240054325 'St. Pauli' 12.000
53.54291270000000225 9.99583460000000024 11 36.000 240056167 'HafenCity' 12.000
53.50919999999999987 10.08280000000000065 11 24.000 240083695 'Moorfleet' 12.000
53.52854920000000050 9.99769440000000031 11 60.000 240103449 'Kleiner Grasbrook' 12.000
53.58689999999999998 10.11750000000000149 11 36.000 240106673 'Tonndorf' 12.000
53.56831990000000587 9.71693560000000112 11 48.000 273536421 'Elbhochufer' 12.000
53.42972460000000012 10.27278700000000100 11 48.000 286923486 'Altengamme' 12.000
53.54742510000000522 9.93543870000000062 11 24.000 289785992 'Altona' 12.000
53.56176790000000665 9.96328220000000009 11 60.000 289787614 'Sternschanze' 12.000
53.57829360000000207 9.70256790000000002 11 48.000 325154173 'Schulau West' 12.000
53.58065650000000346 9.71920430000000124 11 48.000 325154176 'Schulau Ost' 12.000
53.59274620000000056 9.70965670000000003 11 36.000 325154190 'Marienhof' 12.000
53.59421660000000287 9.72283300000000139 11 72.000 325154196 'Moorwegsiedlung' 12.000
53.58958690000000047 9.68960000000000043 11 36.000 325154201 'Lülanden' 12.000
53.67928800000000678 10.15246840000000006 11 24.000 557149134 'Lottbek' 12.000
53.62654380000000032 10.13892780000000116 11 24.000 906676252 'Berne' 12.000
53.48306020000000416 10.16304880000000033 11 48.000 1093890945 'Neuallermöhe' 12.000
53.58347360000000492 9.69813670000000094 11 24.000 1202175539 'Altstadt' 12.000
53.42481430000000131 9.93345500000000037 11 24.000 1585870304 'Lürade' 12.000
53.61054120000000012 10.00388889999999975 11 24.000 1597870128 'Alsterdorf' 12.000
53.45140310000000028 9.94215920000000075 11 36.000 1657200412 'Eißendorf' 12.000
53.50409490000000545 9.87760689999999997 11 36.000 1874583931 'Francop' 12.000
53.54889920000000103 10.12262470000000114 11 24.000 3142531308 'Billstedt' 12.000
53.49353460000000382 10.16153200000000112 11 48.000 5730936969 'Oberbillwerder' 12.000
53.50470000000000681 9.92056000000000004 11 36.000 240103823 'Altenwerder' 12.000
53.51965410000000389 9.91093170000000079 11 36.000 14665118 'Waltershof' 12.000
53.53932370000000418 9.96154070000000047 11 36.000 240069680 'Steinwerder' 12.000
53.44938510000000065 10.01811780000000063 11 24.000 240114094 'Gut Moor' 12.000
53.48140000000000072 10.06639999999999979 11 48.000 240080863 'Spadenland' 12.000
53.46884460000000416 10.15212290000000017 11 36.000 240030134 'Reitbrook' 12.000
53.49360000000000070 10.07970000000000077 11 36.000 240037779 'Tatenberg' 12.000
53.48486350000000300 9.92382970000000064 11 36.000 14562932 'Moorburg' 12.000
53.53728500000000423 9.77792879999999975 11 24.000 183417088 'Cranz' 12.000
53.48360000000000269 10.12500000000000000 11 36.000 240128037 'Allermöhe' 12.000
53.49918840000000131 10.13461050000000085 11 24.000 240081723 'Billwerder' 12.000
53.46720000000000539 10.02970000000000006 11 36.000 240049826 'Neuland' 12.000
53.52750680000000472 10.08678240000000059 11 24.000 240121424 'Billbrook' 12.000
53.54681520000000461 10.02655860000000132 11 48.000 240081958 'Hammerbrook' 12.000
53.47520310000000165 10.08107670000000056 11 60.000 240106885 'Ochsenwerder' 12.000
53.43675540000000268 10.00905619999999985 11 48.000 183487542 'Rönneburg' 12.000
53.43790450000000192 10.22609339999999989 11 60.000 240096410 'Neuengamme' 12.000
53.44906780000000168 10.22909049999999986 11 36.000 240068735 'Curslack' 12.000
53.43214150000000018 9.98931070000000076 11 48.000 183487534 'Langenbek' 12.000
53.51824120000000562 9.80791609999999991 11 48.000 15605896 'Neuenfelde' 12.000
53.52780140000000131 10.02171360000000000 11 24.000 240120112 'Veddel' 12.000
53.70552130000000091 10.10431670000000004 11 48.000 240037185 'Duvenstedt' 12.000
53.55241660000000081 9.84435210000000005 11 48.000 240038484 'Nienstedten' 12.000
53.55502880000000232 10.03329990000000116 11 36.000 240054030 'Borgfelde' 12.000
53.60860000000000269 9.98694000000000059 11 36.000 240031410 'Groß Borstel' 12.000
53.43941310000000300 9.95205260000000003 11 24.000 1657200430 'Marmstorf' 12.000
53.53558720000000193 10.03691610000000090 11 60.000 240112634 'Rothenburgsort' 12.000
53.58141030000000171 9.79633730000000114 11 24.000 240023601 'Sülldorf' 12.000
53.56188200000000421 10.02119170000000103 11 48.000 30514815 'Hohenfelde' 12.000
53.42067660000000018 10.19991460000000139 11 36.000 240090313 'Kirchwerder' 12.000
53.67342960000000573 10.12687580000000054 11 36.000 107224854 'Bergstedt' 12.000
53.64310000000000400 10.08970000000000056 11 48.000 240076042 'Wellingsbüttel' 12.000
53.55699330000000202 10.01416230000000063 11 24.000 240097090 'St. Georg' 12.000
53.56558620000000559 9.87923330000000099 11 48.000 240043820 'Groß Flottbek' 12.000
53.57810260000000113 9.82805420000000041 11 36.000 240115730 'Iserbrook' 12.000
53.53168450000000433 9.87662290000000098 11 48.000 22339575 'Finkenwerder' 12.000
53.56513020000000580 10.08238129999999977 11 36.000 240120943 'Marienthal' 12.000
53.54988080000000394 9.97904820000000115 11 36.000 240061716 'Neustadt' 12.000
53.55506260000000651 9.88786020000000043 11 48.000 240089353 'Othmarschen' 12.000
53.55750000000000455 9.80306000000000033 11 48.000 240094485 'Blankenese' 12.000
53.58470000000000510 9.75639000000000145 11 24.000 240045754 'Rissen' 12.000
53.56840650000000181 9.98743170000000013 11 48.000 18177473 'Rotherbaum' 12.000
53.44558549999999997 9.98161670000000001 11 12.000 183482255 'Wilstorf' 12.000
53.57150930000000244 10.01273610000000147 11 36.000 30413469 'Uhlenhorst' 12.000
53.57543310000000503 9.98044020000000032 11 60.000 1504457024 'Harvestehude' 12.000
53.47144060000000110 9.88011350000000022 11 48.000 14474402 'Hausbruch' 12.000
53.61068430000000262 10.05872800000000034 11 36.000 21398466 'Steilshoop' 12.000
53.64855540000000644 10.16475140000000010 11 36.000 240101709 'Volksdorf' 12.000
53.56723660000000109 10.04524070000000080 11 24.000 240119073 'Eilbek' 12.000
53.56140000000000612 9.94472000000000023 11 36.000 240071407 'Altona-Nord' 12.000
53.65640000000000498 10.07420000000000115 11 48.000 240060261 'Poppenbüttel' 12.000
53.45417410000000302 9.98901359999999983 11 24.000 1656096448 'Harburg' 12.000
53.65220000000000056 10.11690000000000111 11 24.000 240121381 'Sasel' 12.000
53.59039120000000622 9.98687710000000095 11 36.000 240061376 'Eppendorf' 12.000
53.59677710000000417 9.92840990000000012 11 36.000 14562936 'Stellingen' 12.000
53.57720000000000482 10.12809999999999988 11 24.000 240127614 'Jenfeld' 12.000
53.57384750000000651 9.86022529999999975 11 24.000 29573876 'Osdorf' 12.000
53.47395810000000438 9.84264820000000107 11 84.000 14562930 'Neugraben-Fischbek' 12.000
53.56906990000000235 9.90558270000000007 11 36.000 240030307 'Bahrenfeld' 12.000
53.60239710000000457 9.95666240000000080 11 36.000 240109223 'Lokstedt' 12.000
53.63740030000000303 9.91883080000000028 11 48.000 92915333 'Schnelsen' 12.000
53.54965980000000059 9.94535199999999975 11 48.000 240060550 'Altona-Altstadt' 12.000
53.60500000000000398 9.91610999999999976 11 36.000 240107447 'Eidelstedt' 12.000
53.57988510000000559 10.04325060000000036 11 48.000 240045615 'Barmbek-Süd' 12.000
53.61004270000000105 10.11240830000000024 11 60.000 540819020 'Farmsen-Berne' 12.000
53.55506580000000127 9.91981879999999983 11 36.000 240103678 'Ottensen' 12.000
53.59295190000000275 9.87456400000000123 11 24.000 29574003 'Lurup' 12.000
53.55344340000000614 10.05129439999999974 11 24.000 240092001 'Hamm' 12.000
53.50890000000000413 10.19830000000000148 11 48.000 240045204 'Lohbrügge' 12.000
53.59889410000000254 10.04809969999999986 11 48.000 18178568 'Barmbek-Nord' 12.000
53.66330000000000666 10.00830000000000020 11 48.000 240070656 'Langenhorn' 12.000
53.59639010000000070 10.00383170000000099 11 36.000 18177470 'Winterhude' 12.000
53.49229210000000023 9.99621670000000151 11 48.000 14958208 'Wilhelmsburg' 12.000
53.60388270000000688 10.15815470000000076 11 36.000 240071249 'Rahlstedt' 12.000
53.48580000000000467 10.22670000000000101 11 36.000 240112593 'Bergedorf' 12.000
53.57248350000000414 9.95010000000000083 11 36.000 240101729 'Eimsbüttel' 12.000
53.57600290000000598 10.07553479999999979 11 48.000 240059631 'Wandsbek' 12.000
53.43285480000000121 9.90734360000000081 8 48.000 21971788 'Vahrendorf' 16.000
53.42690730000000343 10.31111300000000064 8 32.000 282348090 'Stove' 16.000
53.42056610000000205 10.29029470000000046 8 32.000 282349239 'Elbstorf' 16.000
53.44555460000000124 10.12823410000000024 8 64.000 286510955 'Fünfhausen' 16.000
53.42161140000000330 10.14736990000000105 8 32.000 308819658 'Howe' 16.000
53.44717440000000153 10.07612740000000073 8 80.000 356727594 'Bullenhausen' 16.000
53.41907830000000246 9.96590929999999986 8 48.000 374105086 'Beckedorf' 16.000
53.39484830000000670 10.17072690000000001 8 32.000 375788139 'Hoopte' 16.000
53.41768670000000441 10.27138220000000146 8 80.000 393383176 'Drennhausen' 16.000
53.42077250000000532 10.12178480000000036 8 64.000 473896292 'Rosenweide' 16.000
53.73561390000000415 10.15391850000000140 8 64.000 504587234 'Wiemerskamp' 16.000
53.42027990000000415 10.11391550000000095 8 96.000 575878549 'Klein-Rosenweide' 16.000
53.41608780000000678 10.13807390000000019 8 64.000 1588721448 'Fliegenberg' 16.000
53.43294920000000303 10.09744240000000026 8 16.000 1588721454 'Over' 16.000
53.39089290000000432 10.18040550000000088 8 32.000 1588721457 'Stöckte' 16.000
53.52123310000000345 10.17118860000000069 8 48.000 1665807707 'Havighorst' 16.000
53.38903580000000204 10.22833669999999984 8 48.000 1588725267 'Laßrönne' 16.000
53.41404760000000351 10.26467330000000011 8 32.000 240071353 'Drage' 16.000
53.64692040000000617 9.89348370000000088 8 32.000 240120097 'Ellerbek' 16.000
53.46824130000000252 9.79165690000000133 8 64.000 240061243 'Neu Wulmstorf' 16.000
53.60026600000000485 9.83638700000000021 7 72.000 240094457 'Schenefeld' 18.000
53.58102260000000427 9.70387720000000087 6 38.000 69358157 'Wedel' 19.000
53.55034100000000308 10.00065400000000082 2 78.000 20833623 'Hamburg' 26.000
